1: 4. 3. 3 18. 4 8
2: 4. 4. 2 11. 2 7
3: 4. 4. 4 5. 2 10
4: 3. 3. 3 8. 2 12
5: 4. 4. 4 17. 4 16
6: 2. 4. 4 20. 4 18
7: 3. 4. 2 20. 4 7
8: 3. 4. 3 6. 2 10
9: 4. 3. 3 14. 4 17
10: 2. 4. 3 19. 4 8
11: 4. 3. 2 13. 2 10
12: 2. 2. 2 20. 2 14
13: 2. 4. 4 18. 2 11
14: 4. 3. 3 11. 4 7
15: 2. 4. 4 17. 3 11
16: 4. 3. 3 20. 2 19
17: 3. 4. 3 18. 4 19
18: 2. 2. 2 10. 2 11
19: 4. 4. 2 18. 4 20
20: 4. 4. 2 9. 3 15
21: 3. 4. 4 20. 4 16
22: 4. 3. 3 7. 2 7
23: 4. 4. 4 20. 2 8
24: 3. 3. 3 19. 3 19
25: 3. 3. 3 9. 3 7
26: 4. 4. 3 14. 4 15
27: 3. 3. 2 16. 3 14
28: 3. 3. 2 20. 2 20
29: 3. 3. 4 19. 4 7
30: 3. 3. 3 11. 2 8