1: 4. 4. 4 9. 3 9.
2: 4. 3. 4 20. 4 8.
3: 2. 3. 2 16. 2 9.
4: 3. 4. 4 20. 4 16.
5: 4. 4. 4 16. 2 15.
6: 2. 2. 2 20. 2 14.
7: 4. 4. 3 7. 3 20.
8: 4. 4. 3 14. 4 15.
9: 4. 3. 3 7. 2 7.
10: 3. 3. 2 11. 2 19.
11: 3. 3. 3 20. 2 12.
12: 4. 4. 4 20. 2 8.
13: 2. 4. 3 14. 4 9.
14: 3. 4. 4 18. 3 8.
15: 4. 4. 2 9. 3 15.
16: 2. 3. 3 11. 2 16.
17: 2. 3. 3 13. 3 15.
18: 3. 3. 3 16. 3 20.
19: 2. 4. 3 19. 4 8.
20: 4. 3. 4 16. 2 15.
21: 4. 4. 4 7. 2 19.
22: 4. 4. 2 14. 3 17.
23: 4. 3. 4 8. 2 8.
24: 4. 4. 4 7. 4 17.
25: 3. 3. 3 16. 3 9.
26: 4. 3. 4 15. 4 9.
27: 3. 4. 2 20. 4 7.
28: 3. 3. 3 17. 4 8.
29: 3. 4. 3 12. 3 17.
30: 4. 4. 4 5. 2 10.